var data = 
[
  [
    0.0, 
    1231311.0, 
    1249267.0, 
    1493798.0, 
    1220508.0, 
    1215062.0, 
    1236209.0, 
    1272910.0, 
    1176615.0, 
    1159138.0, 
    1000246.0, 
    977983.0, 
    1185153.0, 
    1248027.0, 
    1246139.0, 
    1188778.0, 
    1185166.0, 
    1182936.0, 
    1192864.0, 
    1233741.0, 
    1339856.0, 
    1185865.0, 
    941648.0, 
    1280394.0, 
    1189227.0, 
    1135185.0, 
    1145635.0, 
    969023.0, 
    1219314.0, 
    1152172.0, 
    1157001.0, 
    975316.0, 
    1270127.0, 
    1160972.0, 
    1238038.0, 
    1219052.0, 
    1192247.0, 
    1123833.0, 
    1206667.0, 
    1162761.0, 
    1170562.0, 
    982706.0, 
    1131531.0, 
    1231486.0, 
    1195421.0, 
    559914.0, 
    1311686.0, 
    1148661.0, 
    1516627.0, 
    1280646.0, 
    1223595.0, 
    1443231.0, 
    1265726.0, 
    1125609.0, 
    1130141.0, 
    999510.0
  ], 
  [
    1231311.0, 
    0.0, 
    1106033.0, 
    1387056.0, 
    1107437.0, 
    1102368.0, 
    1074028.0, 
    981425.0, 
    1144212.0, 
    1134486.0, 
    979903.0, 
    1194399.0, 
    1105781.0, 
    1145689.0, 
    1106852.0, 
    1158920.0, 
    1103048.0, 
    1172366.0, 
    1122868.0, 
    1078770.0, 
    1190128.0, 
    1161553.0, 
    1227144.0, 
    1141631.0, 
    1164646.0, 
    1138850.0, 
    1155405.0, 
    1213521.0, 
    1064818.0, 
    1138244.0, 
    1144826.0, 
    1198666.0, 
    1149579.0, 
    1155246.0, 
    1111340.0, 
    1120482.0, 
    1156143.0, 
    1152529.0, 
    1091551.0, 
    1147968.0, 
    1152497.0, 
    1187506.0, 
    1119439.0, 
    1103730.0, 
    1069055.0, 
    1208962.0, 
    1171764.0, 
    1119555.0, 
    1443330.0, 
    1080776.0, 
    1114040.0, 
    1366263.0, 
    1126223.0, 
    1112741.0, 
    1200884.0, 
    979104.0
  ], 
  [
    1249267.0, 
    1106033.0, 
    0.0, 
    1444035.0, 
    797747.0, 
    1078679.0, 
    1086644.0, 
    1153880.0, 
    1117248.0, 
    1090996.0, 
    943296.0, 
    1187166.0, 
    1049384.0, 
    1137149.0, 
    1126191.0, 
    1118372.0, 
    999572.0, 
    1142296.0, 
    1079617.0, 
    1132039.0, 
    1211600.0, 
    1128257.0, 
    1218820.0, 
    1186820.0, 
    1121623.0, 
    1128779.0, 
    1138560.0, 
    1196578.0, 
    657137.0, 
    1112873.0, 
    1117982.0, 
    1192293.0, 
    1144635.0, 
    1130557.0, 
    1134452.0, 
    1048942.0, 
    1085767.0, 
    1143387.0, 
    903736.0, 
    1127797.0, 
    1105925.0, 
    1176438.0, 
    1118425.0, 
    1126710.0, 
    656411.0, 
    1219054.0, 
    1234803.0, 
    1089788.0, 
    1484235.0, 
    1198683.0, 
    982846.0, 
    1415818.0, 
    1166721.0, 
    1100413.0, 
    1168192.0, 
    942303.0
  ], 
  [
    1493798.0, 
    1387056.0, 
    1444035.0, 
    0.0, 
    1431259.0, 
    1390077.0, 
    1429169.0, 
    1335814.0, 
    1430223.0, 
    1409749.0, 
    1245581.0, 
    1414754.0, 
    1416123.0, 
    1346105.0, 
    1386919.0, 
    1434757.0, 
    1414269.0, 
    1449408.0, 
    1445570.0, 
    1414528.0, 
    1298758.0, 
    1430727.0, 
    1439829.0, 
    1353060.0, 
    1436476.0, 
    1442790.0, 
    1428217.0, 
    1432548.0, 
    1431767.0, 
    1423539.0, 
    1420759.0, 
    1413430.0, 
    1398198.0, 
    1408957.0, 
    1390285.0, 
    1444114.0, 
    1452258.0, 
    1432359.0, 
    1420950.0, 
    1432182.0, 
    1432163.0, 
    1397871.0, 
    1415377.0, 
    1403658.0, 
    1394187.0, 
    1473013.0, 
    1384221.0, 
    1413573.0, 
    1215754.0, 
    1388528.0, 
    1444155.0, 
    1163557.0, 
    1363689.0, 
    1384108.0, 
    1438844.0, 
    1244375.0
  ], 
  [
    1220508.0, 
    1107437.0, 
    797747.0, 
    1431259.0, 
    0.0, 
    1091585.0, 
    1083318.0, 
    1159063.0, 
    1087141.0, 
    1070617.0, 
    897746.0, 
    1137554.0, 
    1041536.0, 
    1124678.0, 
    1119510.0, 
    1084612.0, 
    1019951.0, 
    1118068.0, 
    1077389.0, 
    1111566.0, 
    1216920.0, 
    1105170.0, 
    1163343.0, 
    1179047.0, 
    1089829.0, 
    1105960.0, 
    1071230.0, 
    1151966.0, 
    908073.0, 
    1075744.0, 
    1085974.0, 
    1152078.0, 
    1146567.0, 
    1106054.0, 
    1106584.0, 
    1054287.0, 
    1068350.0, 
    1115163.0, 
    970844.0, 
    1055341.0, 
    1063010.0, 
    1141285.0, 
    1089920.0, 
    1102423.0, 
    901323.0, 
    1188907.0, 
    1221437.0, 
    1055320.0, 
    1461485.0, 
    1184803.0, 
    1047988.0, 
    1397344.0, 
    1151707.0, 
    1062757.0, 
    1141044.0, 
    897003.0
  ], 
  [
    1215062.0, 
    1102368.0, 
    1078679.0, 
    1390077.0, 
    1091585.0, 
    0.0, 
    1079167.0, 
    1127160.0, 
    1101009.0, 
    1036258.0, 
    900974.0, 
    1134582.0, 
    1045649.0, 
    1070036.0, 
    1124407.0, 
    1091424.0, 
    1024662.0, 
    1119780.0, 
    1074985.0, 
    1114166.0, 
    1212794.0, 
    1094852.0, 
    1170743.0, 
    1161768.0, 
    1101574.0, 
    1099875.0, 
    1099508.0, 
    1164977.0, 
    1061032.0, 
    1084888.0, 
    1063457.0, 
    1136959.0, 
    1137873.0, 
    1087191.0, 
    1056501.0, 
    1086222.0, 
    1093878.0, 
    1108286.0, 
    1034726.0, 
    1111563.0, 
    1110997.0, 
    1131087.0, 
    1085602.0, 
    1124293.0, 
    1029552.0, 
    1177245.0, 
    1210431.0, 
    1062599.0, 
    1432084.0, 
    1198591.0, 
    1045267.0, 
    1368214.0, 
    1148185.0, 
    1074221.0, 
    1149584.0, 
    899764.0
  ], 
  [
    1236209.0, 
    1074028.0, 
    1086644.0, 
    1429169.0, 
    1083318.0, 
    1079167.0, 
    0.0, 
    1115708.0, 
    1109288.0, 
    1087183.0, 
    937292.0, 
    1175483.0, 
    1061527.0, 
    1137982.0, 
    1117176.0, 
    1105831.0, 
    1074626.0, 
    1150087.0, 
    1074286.0, 
    1101215.0, 
    1180938.0, 
    1120727.0, 
    1194342.0, 
    1183504.0, 
    1121169.0, 
    1119785.0, 
    1134200.0, 
    1201916.0, 
    1066601.0, 
    1113045.0, 
    1095659.0, 
    1183057.0, 
    1118713.0, 
    1134820.0, 
    1141766.0, 
    1069743.0, 
    1102375.0, 
    1131426.0, 
    1051219.0, 
    1144087.0, 
    1119807.0, 
    1172895.0, 
    1080823.0, 
    972748.0, 
    1025942.0, 
    1210543.0, 
    1160812.0, 
    1059926.0, 
    1468010.0, 
    1070742.0, 
    1079010.0, 
    1410349.0, 
    1128679.0, 
    1095528.0, 
    1151874.0, 
    936205.0
  ], 
  [
    1272910.0, 
    981425.0, 
    1153880.0, 
    1335814.0, 
    1159063.0, 
    1127160.0, 
    1115708.0, 
    0.0, 
    1148727.0, 
    1132689.0, 
    967247.0, 
    1208069.0, 
    1120284.0, 
    1147071.0, 
    1132249.0, 
    1168818.0, 
    1113678.0, 
    1206942.0, 
    1157669.0, 
    1096725.0, 
    1197571.0, 
    1167818.0, 
    1236794.0, 
    1166295.0, 
    1142917.0, 
    1174018.0, 
    1178554.0, 
    1226133.0, 
    1143322.0, 
    1160550.0, 
    1160933.0, 
    1204813.0, 
    1148385.0, 
    1163329.0, 
    1125093.0, 
    1146549.0, 
    1162857.0, 
    1177815.0, 
    1110621.0, 
    1173691.0, 
    1168354.0, 
    1193959.0, 
    1148676.0, 
    1117256.0, 
    1085320.0, 
    1249866.0, 
    1191613.0, 
    1138647.0, 
    1420273.0, 
    1115533.0, 
    1141802.0, 
    1345983.0, 
    1115800.0, 
    1090563.0, 
    1203020.0, 
    966177.0
  ], 
  [
    1176615.0, 
    1144212.0, 
    1117248.0, 
    1430223.0, 
    1087141.0, 
    1101009.0, 
    1109288.0, 
    1148727.0, 
    0.0, 
    1026785.0, 
    852545.0, 
    1106298.0, 
    1048039.0, 
    1133907.0, 
    1138982.0, 
    956662.0, 
    1042050.0, 
    1027165.0, 
    1065721.0, 
    1109967.0, 
    1273629.0, 
    1063405.0, 
    1136549.0, 
    1185671.0, 
    822202.0, 
    1061342.0, 
    1031303.0, 
    1133311.0, 
    1095058.0, 
    1011559.0, 
    1053510.0, 
    1098643.0, 
    1136119.0, 
    1068784.0, 
    1118558.0, 
    1033520.0, 
    1019310.0, 
    1025651.0, 
    1069331.0, 
    1034843.0, 
    1037129.0, 
    1094762.0, 
    1052886.0, 
    1121743.0, 
    1051852.0, 
    1160558.0, 
    1214762.0, 
    1044797.0, 
    1452378.0, 
    1194605.0, 
    1071688.0, 
    1395356.0, 
    1139380.0, 
    977092.0, 
    1091046.0, 
    851729.0
  ], 
  [
    1159138.0, 
    1134486.0, 
    1090996.0, 
    1409749.0, 
    1070617.0, 
    1036258.0, 
    1087183.0, 
    1132689.0, 
    1026785.0, 
    0.0, 
    839266.0, 
    1061212.0, 
    1040491.0, 
    1136266.0, 
    1137825.0, 
    1006544.0, 
    1037351.0, 
    997036.0, 
    1036468.0, 
    1110527.0, 
    1231153.0, 
    1035779.0, 
    1110286.0, 
    1183041.0, 
    1014765.0, 
    1054535.0, 
    1002907.0, 
    1088748.0, 
    1079625.0, 
    1002337.0, 
    1010493.0, 
    1061613.0, 
    1115414.0, 
    1028006.0, 
    1082605.0, 
    1058089.0, 
    1007103.0, 
    1007244.0, 
    1042028.0, 
    1032321.0, 
    1010361.0, 
    1051040.0, 
    1027819.0, 
    1097146.0, 
    1031449.0, 
    1128151.0, 
    1208310.0, 
    1057049.0, 
    1453131.0, 
    1171846.0, 
    1058737.0, 
    1377046.0, 
    1135624.0, 
    966810.0, 
    1061322.0, 
    838058.0
  ], 
  [
    1000246.0, 
    979903.0, 
    943296.0, 
    1245581.0, 
    897746.0, 
    900974.0, 
    937292.0, 
    967247.0, 
    852545.0, 
    839266.0, 
    0.0, 
    902713.0, 
    838919.0, 
    979645.0, 
    981543.0, 
    877248.0, 
    856833.0, 
    910318.0, 
    898895.0, 
    928874.0, 
    1071522.0, 
    874631.0, 
    953414.0, 
    1028539.0, 
    866809.0, 
    921167.0, 
    893923.0, 
    929207.0, 
    920942.0, 
    861728.0, 
    847101.0, 
    867471.0, 
    951523.0, 
    882485.0, 
    928866.0, 
    910088.0, 
    901307.0, 
    881389.0, 
    892947.0, 
    898679.0, 
    869496.0, 
    876628.0, 
    864323.0, 
    923246.0, 
    855233.0, 
    983293.0, 
    1048872.0, 
    856173.0, 
    1276697.0, 
    1006565.0, 
    905796.0, 
    1214708.0, 
    976328.0, 
    774621.0, 
    935031.0, 
    5436.0
  ], 
  [
    977983.0, 
    1194399.0, 
    1187166.0, 
    1414754.0, 
    1137554.0, 
    1134582.0, 
    1175483.0, 
    1208069.0, 
    1106298.0, 
    1061212.0, 
    902713.0, 
    0.0, 
    1130428.0, 
    1175795.0, 
    1204260.0, 
    1110308.0, 
    1133965.0, 
    1113060.0, 
    1135367.0, 
    1175715.0, 
    1266327.0, 
    1100331.0, 
    840280.0, 
    1221798.0, 
    1123523.0, 
    1086516.0, 
    1086467.0, 
    750695.0, 
    1162255.0, 
    1084459.0, 
    1069428.0, 
    496952.0, 
    1210098.0, 
    1052376.0, 
    1169739.0, 
    1145522.0, 
    1122424.0, 
    1082158.0, 
    1136385.0, 
    1086345.0, 
    1101909.0, 
    844230.0, 
    1086509.0, 
    1158428.0, 
    1115384.0, 
    968062.0, 
    1227850.0, 
    1090410.0, 
    1456612.0, 
    1209606.0, 
    1164088.0, 
    1383661.0, 
    1203415.0, 
    1048547.0, 
    1091311.0, 
    901582.0
  ], 
  [
    1185153.0, 
    1105781.0, 
    1049384.0, 
    1416123.0, 
    1041536.0, 
    1045649.0, 
    1061527.0, 
    1120284.0, 
    1048039.0, 
    1040491.0, 
    838919.0, 
    1130428.0, 
    0.0, 
    1129551.0, 
    1110156.0, 
    1085682.0, 
    808314.0, 
    1090443.0, 
    1056129.0, 
    1084113.0, 
    1230844.0, 
    1086309.0, 
    1144857.0, 
    1175636.0, 
    1069016.0, 
    1088095.0, 
    1074674.0, 
    1146114.0, 
    1028441.0, 
    1077512.0, 
    1057745.0, 
    1130418.0, 
    1085362.0, 
    1080454.0, 
    1105330.0, 
    1054680.0, 
    1079459.0, 
    1094941.0, 
    1001812.0, 
    1097799.0, 
    1072913.0, 
    1118444.0, 
    1068136.0, 
    1093351.0, 
    992323.0, 
    1161528.0, 
    1186938.0, 
    985559.0, 
    1420156.0, 
    1156869.0, 
    749050.0, 
    1388877.0, 
    1094275.0, 
    1021365.0, 
    1121309.0, 
    838173.0
  ], 
  [
    1248027.0, 
    1145689.0, 
    1137149.0, 
    1346105.0, 
    1124678.0, 
    1070036.0, 
    1137982.0, 
    1147071.0, 
    1133907.0, 
    1136266.0, 
    979645.0, 
    1175795.0, 
    1129551.0, 
    0.0, 
    1167403.0, 
    1146020.0, 
    1098386.0, 
    1175400.0, 
    1131945.0, 
    1124739.0, 
    1221971.0, 
    1156967.0, 
    1198127.0, 
    1132783.0, 
    1148462.0, 
    1159619.0, 
    1147454.0, 
    1198299.0, 
    1135767.0, 
    1138145.0, 
    1125064.0, 
    1175925.0, 
    1178667.0, 
    1152202.0, 
    1111988.0, 
    1134590.0, 
    1148784.0, 
    1162586.0, 
    1087467.0, 
    1151887.0, 
    1160547.0, 
    1167937.0, 
    1122157.0, 
    1161313.0, 
    1093485.0, 
    1223378.0, 
    1213435.0, 
    1119558.0, 
    1395501.0, 
    1207719.0, 
    1119722.0, 
    1340574.0, 
    1174115.0, 
    1122637.0, 
    1187920.0, 
    978693.0
  ], 
  [
    1246139.0, 
    1106852.0, 
    1126191.0, 
    1386919.0, 
    1119510.0, 
    1124407.0, 
    1117176.0, 
    1132249.0, 
    1138982.0, 
    1137825.0, 
    981543.0, 
    1204260.0, 
    1110156.0, 
    1167403.0, 
    0.0, 
    1133490.0, 
    1097011.0, 
    1162909.0, 
    1123604.0, 
    1144250.0, 
    1265527.0, 
    1153042.0, 
    1233523.0, 
    1154418.0, 
    1150328.0, 
    1138541.0, 
    1145670.0, 
    1233385.0, 
    1093797.0, 
    1137408.0, 
    1137594.0, 
    1210561.0, 
    1160353.0, 
    1155316.0, 
    1143281.0, 
    1113149.0, 
    1153438.0, 
    1147457.0, 
    1105236.0, 
    1158166.0, 
    1141127.0, 
    1195644.0, 
    1116542.0, 
    1143378.0, 
    1078583.0, 
    1229536.0, 
    1244762.0, 
    1132808.0, 
    1465046.0, 
    1199749.0, 
    1125972.0, 
    1379164.0, 
    1093584.0, 
    1126559.0, 
    1180717.0, 
    980882.0
  ], 
  [
    1188778.0, 
    1158920.0, 
    1118372.0, 
    1434757.0, 
    1084612.0, 
    1091424.0, 
    1105831.0, 
    1168818.0, 
    956662.0, 
    1006544.0, 
    877248.0, 
    1110308.0, 
    1085682.0, 
    1146020.0, 
    1133490.0, 
    0.0, 
    1071953.0, 
    1074328.0, 
    1090643.0, 
    1110645.0, 
    1276086.0, 
    1084506.0, 
    1154494.0, 
    1197097.0, 
    932486.0, 
    1064023.0, 
    1050930.0, 
    1111240.0, 
    1084290.0, 
    1027828.0, 
    1071855.0, 
    1105635.0, 
    1144240.0, 
    1069341.0, 
    1083975.0, 
    1053975.0, 
    990644.0, 
    1038596.0, 
    1081077.0, 
    1019524.0, 
    1040669.0, 
    1107524.0, 
    1076407.0, 
    1098627.0, 
    1067964.0, 
    1168108.0, 
    1230472.0, 
    1070636.0, 
    1474220.0, 
    1196767.0, 
    1103606.0, 
    1402303.0, 
    1159614.0, 
    974020.0, 
    1090409.0, 
    876749.0
  ], 
  [
    1185166.0, 
    1103048.0, 
    999572.0, 
    1414269.0, 
    1019951.0, 
    1024662.0, 
    1074626.0, 
    1113678.0, 
    1042050.0, 
    1037351.0, 
    856833.0, 
    1133965.0, 
    808314.0, 
    1098386.0, 
    1097011.0, 
    1071953.0, 
    0.0, 
    1077151.0, 
    1041894.0, 
    1078524.0, 
    1218001.0, 
    1079154.0, 
    1154354.0, 
    1157736.0, 
    1059578.0, 
    1067050.0, 
    1068696.0, 
    1152274.0, 
    972176.0, 
    1056853.0, 
    1056983.0, 
    1129404.0, 
    1107112.0, 
    1066566.0, 
    1080984.0, 
    1022178.0, 
    1067669.0, 
    1079773.0, 
    981864.0, 
    1091437.0, 
    1054467.0, 
    1115732.0, 
    1047995.0, 
    1077221.0, 
    955265.0, 
    1148645.0, 
    1187994.0, 
    992464.0, 
    1451425.0, 
    1152418.0, 
    658004.0, 
    1386339.0, 
    1094181.0, 
    1011116.0, 
    1122917.0, 
    856065.0
  ], 
  [
    1182936.0, 
    1172366.0, 
    1142296.0, 
    1449408.0, 
    1118068.0, 
    1119780.0, 
    1150087.0, 
    1206942.0, 
    1027165.0, 
    997036.0, 
    910318.0, 
    1113060.0, 
    1090443.0, 
    1175400.0, 
    1162909.0, 
    1074328.0, 
    1077151.0, 
    0.0, 
    1096553.0, 
    1162868.0, 
    1281297.0, 
    1084896.0, 
    1147031.0, 
    1222246.0, 
    1044985.0, 
    1099295.0, 
    959130.0, 
    1128018.0, 
    1118707.0, 
    964739.0, 
    1082861.0, 
    1113456.0, 
    1185279.0, 
    1061225.0, 
    1159187.0, 
    1091288.0, 
    1065693.0, 
    911485.0, 
    1108072.0, 
    990376.0, 
    973313.0, 
    1107496.0, 
    1091198.0, 
    1167029.0, 
    1095891.0, 
    1155114.0, 
    1243022.0, 
    1102437.0, 
    1480887.0, 
    1209933.0, 
    1118690.0, 
    1402741.0, 
    1178407.0, 
    967419.0, 
    1042200.0, 
    909287.0
  ], 
  [
    1192864.0, 
    1122868.0, 
    1079617.0, 
    1445570.0, 
    1077389.0, 
    1074985.0, 
    1074286.0, 
    1157669.0, 
    1065721.0, 
    1036468.0, 
    898895.0, 
    1135367.0, 
    1056129.0, 
    1131945.0, 
    1123604.0, 
    1090643.0, 
    1041894.0, 
    1096553.0, 
    0.0, 
    1108542.0, 
    1251302.0, 
    1062067.0, 
    1159083.0, 
    1184059.0, 
    1082719.0, 
    1040582.0, 
    1058308.0, 
    1166791.0, 
    1048818.0, 
    1062799.0, 
    1057667.0, 
    1137209.0, 
    1075546.0, 
    1098284.0, 
    1101098.0, 
    1067231.0, 
    1084752.0, 
    1076137.0, 
    1043996.0, 
    1085587.0, 
    1085102.0, 
    1128134.0, 
    1045242.0, 
    1086934.0, 
    1033727.0, 
    1161921.0, 
    1228251.0, 
    1062466.0, 
    1474262.0, 
    1190130.0, 
    1063011.0, 
    1407795.0, 
    1111307.0, 
    1045574.0, 
    1149694.0, 
    897474.0
  ], 
  [
    1233741.0, 
    1078770.0, 
    1132039.0, 
    1414528.0, 
    1111566.0, 
    1114166.0, 
    1101215.0, 
    1096725.0, 
    1109967.0, 
    1110527.0, 
    928874.0, 
    1175715.0, 
    1084113.0, 
    1124739.0, 
    1144250.0, 
    1110645.0, 
    1078524.0, 
    1162868.0, 
    1108542.0, 
    0.0, 
    1222299.0, 
    1130350.0, 
    1208496.0, 
    1151014.0, 
    1124172.0, 
    1132763.0, 
    1137171.0, 
    1184361.0, 
    1107458.0, 
    1116177.0, 
    1118795.0, 
    1180278.0, 
    1118398.0, 
    1141054.0, 
    1074819.0, 
    1126599.0, 
    1081771.0, 
    1149228.0, 
    1114680.0, 
    1133236.0, 
    1122660.0, 
    1175080.0, 
    1104342.0, 
    1084433.0, 
    1083497.0, 
    1213901.0, 
    1185288.0, 
    1107488.0, 
    1460422.0, 
    1102324.0, 
    1101309.0, 
    1394121.0, 
    1124212.0, 
    1082111.0, 
    1186721.0, 
    928477.0
  ], 
  [
    1339856.0, 
    1190128.0, 
    1211600.0, 
    1298758.0, 
    1216920.0, 
    1212794.0, 
    1180938.0, 
    1197571.0, 
    1273629.0, 
    1231153.0, 
    1071522.0, 
    1266327.0, 
    1230844.0, 
    1221971.0, 
    1265527.0, 
    1276086.0, 
    1218001.0, 
    1281297.0, 
    1251302.0, 
    1222299.0, 
    0.0, 
    1254920.0, 
    1286775.0, 
    1269389.0, 
    1273568.0, 
    1269322.0, 
    1266225.0, 
    1274679.0, 
    1203474.0, 
    1236523.0, 
    1231435.0, 
    1262623.0, 
    1293603.0, 
    1241530.0, 
    1240694.0, 
    1245602.0, 
    1264371.0, 
    1268741.0, 
    1226775.0, 
    1259028.0, 
    1259456.0, 
    1251519.0, 
    1232857.0, 
    1195703.0, 
    1182901.0, 
    1297342.0, 
    1189597.0, 
    1219031.0, 
    1368482.0, 
    1085569.0, 
    1201628.0, 
    1335641.0, 
    1260188.0, 
    1215067.0, 
    1291096.0, 
    1070161.0
  ], 
  [
    1185865.0, 
    1161553.0, 
    1128257.0, 
    1430727.0, 
    1105170.0, 
    1094852.0, 
    1120727.0, 
    1167818.0, 
    1063405.0, 
    1035779.0, 
    874631.0, 
    1100331.0, 
    1086309.0, 
    1156967.0, 
    1153042.0, 
    1084506.0, 
    1079154.0, 
    1084896.0, 
    1062067.0, 
    1130350.0, 
    1254920.0, 
    0.0, 
    1137633.0, 
    1218441.0, 
    1081779.0, 
    1060080.0, 
    1083725.0, 
    1127479.0, 
    1110823.0, 
    1080217.0, 
    1021671.0, 
    1096520.0, 
    1139473.0, 
    1082724.0, 
    1139318.0, 
    1095571.0, 
    1086129.0, 
    1082582.0, 
    1076564.0, 
    1102134.0, 
    1076767.0, 
    1087369.0, 
    1046132.0, 
    1129676.0, 
    1055145.0, 
    1164346.0, 
    1228827.0, 
    1070992.0, 
    1474561.0, 
    1203315.0, 
    1101992.0, 
    1410439.0, 
    1152940.0, 
    1036218.0, 
    1124133.0, 
    873209.0
  ], 
  [
    941648.0, 
    1227144.0, 
    1218820.0, 
    1439829.0, 
    1163343.0, 
    1170743.0, 
    1194342.0, 
    1236794.0, 
    1136549.0, 
    1110286.0, 
    953414.0, 
    840280.0, 
    1144857.0, 
    1198127.0, 
    1233523.0, 
    1154494.0, 
    1154354.0, 
    1147031.0, 
    1159083.0, 
    1208496.0, 
    1286775.0, 
    1137633.0, 
    0.0, 
    1245014.0, 
    1159255.0, 
    1109329.0, 
    1119823.0, 
    794189.0, 
    1198696.0, 
    1117156.0, 
    1109129.0, 
    804603.0, 
    1238972.0, 
    1103003.0, 
    1196300.0, 
    1188723.0, 
    1158354.0, 
    1102276.0, 
    1168375.0, 
    1113755.0, 
    1129723.0, 
    880993.0, 
    1111343.0, 
    1193904.0, 
    1155693.0, 
    947093.0, 
    1255494.0, 
    1096095.0, 
    1469613.0, 
    1239592.0, 
    1192424.0, 
    1398730.0, 
    1238185.0, 
    1088933.0, 
    1098183.0, 
    952173.0
  ], 
  [
    1280394.0, 
    1141631.0, 
    1186820.0, 
    1353060.0, 
    1179047.0, 
    1161768.0, 
    1183504.0, 
    1166295.0, 
    1185671.0, 
    1183041.0, 
    1028539.0, 
    1221798.0, 
    1175636.0, 
    1132783.0, 
    1154418.0, 
    1197097.0, 
    1157736.0, 
    1222246.0, 
    1184059.0, 
    1151014.0, 
    1269389.0, 
    1218441.0, 
    1245014.0, 
    0.0, 
    1195120.0, 
    1206043.0, 
    1188072.0, 
    1253785.0, 
    1164656.0, 
    1183390.0, 
    1197220.0, 
    1225938.0, 
    1220778.0, 
    1196484.0, 
    1175185.0, 
    1182767.0, 
    1204995.0, 
    1191299.0, 
    1137918.0, 
    1212260.0, 
    1204438.0, 
    1221412.0, 
    1157567.0, 
    1186891.0, 
    1151921.0, 
    1242507.0, 
    1219207.0, 
    1172922.0, 
    1446306.0, 
    1220712.0, 
    1179748.0, 
    1376498.0, 
    1194104.0, 
    1174822.0, 
    1234544.0, 
    1027582.0
  ], 
  [
    1189227.0, 
    1164646.0, 
    1121623.0, 
    1436476.0, 
    1089829.0, 
    1101574.0, 
    1121169.0, 
    1142917.0, 
    822202.0, 
    1014765.0, 
    866809.0, 
    1123523.0, 
    1069016.0, 
    1148462.0, 
    1150328.0, 
    932486.0, 
    1059578.0, 
    1044985.0, 
    1082719.0, 
    1124172.0, 
    1273568.0, 
    1081779.0, 
    1159255.0, 
    1195120.0, 
    0.0, 
    1070834.0, 
    1030983.0, 
    1145017.0, 
    1102060.0, 
    1030726.0, 
    1061905.0, 
    1117596.0, 
    1155119.0, 
    1090630.0, 
    1111680.0, 
    1037410.0, 
    1025622.0, 
    1040355.0, 
    1079436.0, 
    1048151.0, 
    1050127.0, 
    1105364.0, 
    1069103.0, 
    1135972.0, 
    1070756.0, 
    1161157.0, 
    1243319.0, 
    1053001.0, 
    1474298.0, 
    1197125.0, 
    1086793.0, 
    1405815.0, 
    1167461.0, 
    967640.0, 
    1103652.0, 
    866041.0
  ], 
  [
    1135185.0, 
    1138850.0, 
    1128779.0, 
    1442790.0, 
    1105960.0, 
    1099875.0, 
    1119785.0, 
    1174018.0, 
    1061342.0, 
    1054535.0, 
    921167.0, 
    1086516.0, 
    1088095.0, 
    1159619.0, 
    1138541.0, 
    1064023.0, 
    1067050.0, 
    1099295.0, 
    1040582.0, 
    1132763.0, 
    1269322.0, 
    1060080.0, 
    1109329.0, 
    1206043.0, 
    1070834.0, 
    0.0, 
    1056346.0, 
    1091838.0, 
    1094488.0, 
    1057249.0, 
    1041353.0, 
    1079659.0, 
    1126148.0, 
    1086402.0, 
    1124035.0, 
    1078608.0, 
    1087229.0, 
    1074576.0, 
    1076852.0, 
    1075236.0, 
    1084986.0, 
    1073106.0, 
    998521.0, 
    1124261.0, 
    1078835.0, 
    1097750.0, 
    1238535.0, 
    1049699.0, 
    1478586.0, 
    1208445.0, 
    1093146.0, 
    1406893.0, 
    1136980.0, 
    1036925.0, 
    1122258.0, 
    920318.0
  ], 
  [
    1145635.0, 
    1155405.0, 
    1138560.0, 
    1428217.0, 
    1071230.0, 
    1099508.0, 
    1134200.0, 
    1178554.0, 
    1031303.0, 
    1002907.0, 
    893923.0, 
    1086467.0, 
    1074674.0, 
    1147454.0, 
    1145670.0, 
    1050930.0, 
    1068696.0, 
    959130.0, 
    1058308.0, 
    1137171.0, 
    1266225.0, 
    1083725.0, 
    1119823.0, 
    1188072.0, 
    1030983.0, 
    1056346.0, 
    0.0, 
    1127668.0, 
    1110413.0, 
    888908.0, 
    1070657.0, 
    1101879.0, 
    1158264.0, 
    1044743.0, 
    1126110.0, 
    1087453.0, 
    1033751.0, 
    906708.0, 
    1090231.0, 
    857806.0, 
    940563.0, 
    1081398.0, 
    1069746.0, 
    1132847.0, 
    1090139.0, 
    1112734.0, 
    1225486.0, 
    1079324.0, 
    1466337.0, 
    1189462.0, 
    1106889.0, 
    1392535.0, 
    1162283.0, 
    925018.0, 
    1060218.0, 
    893055.0
  ], 
  [
    969023.0, 
    1213521.0, 
    1196578.0, 
    1432548.0, 
    1151966.0, 
    1164977.0, 
    1201916.0, 
    1226133.0, 
    1133311.0, 
    1088748.0, 
    929207.0, 
    750695.0, 
    1146114.0, 
    1198299.0, 
    1233385.0, 
    1111240.0, 
    1152274.0, 
    1128018.0, 
    1166791.0, 
    1184361.0, 
    1274679.0, 
    1127479.0, 
    794189.0, 
    1253785.0, 
    1145017.0, 
    1091838.0, 
    1127668.0, 
    0.0, 
    1177445.0, 
    1097739.0, 
    1088413.0, 
    671289.0, 
    1231682.0, 
    1110992.0, 
    1185574.0, 
    1180135.0, 
    1130679.0, 
    1095835.0, 
    1158260.0, 
    1111450.0, 
    1113210.0, 
    858601.0, 
    1100315.0, 
    1183966.0, 
    1133156.0, 
    980717.0, 
    1255484.0, 
    1099156.0, 
    1464989.0, 
    1237050.0, 
    1184651.0, 
    1394709.0, 
    1227158.0, 
    1058525.0, 
    1094026.0, 
    928242.0
  ], 
  [
    1219314.0, 
    1064818.0, 
    657137.0, 
    1431767.0, 
    908073.0, 
    1061032.0, 
    1066601.0, 
    1143322.0, 
    1095058.0, 
    1079625.0, 
    920942.0, 
    1162255.0, 
    1028441.0, 
    1135767.0, 
    1093797.0, 
    1084290.0, 
    972176.0, 
    1118707.0, 
    1048818.0, 
    1107458.0, 
    1203474.0, 
    1110823.0, 
    1198696.0, 
    1164656.0, 
    1102060.0, 
    1094488.0, 
    1110413.0, 
    1177445.0, 
    0.0, 
    1097218.0, 
    1095185.0, 
    1167758.0, 
    1131050.0, 
    1108993.0, 
    1111533.0, 
    1044824.0, 
    1081717.0, 
    1119734.0, 
    865110.0, 
    1111623.0, 
    1083822.0, 
    1156620.0, 
    1078075.0, 
    1106496.0, 
    777758.0, 
    1191166.0, 
    1214993.0, 
    1070927.0, 
    1469615.0, 
    1173602.0, 
    974766.0, 
    1392962.0, 
    1143943.0, 
    1085357.0, 
    1152759.0, 
    919879.0
  ], 
  [
    1152172.0, 
    1138244.0, 
    1112873.0, 
    1423539.0, 
    1075744.0, 
    1084888.0, 
    1113045.0, 
    1160550.0, 
    1011559.0, 
    1002337.0, 
    861728.0, 
    1084459.0, 
    1077512.0, 
    1138145.0, 
    1137408.0, 
    1027828.0, 
    1056853.0, 
    964739.0, 
    1062799.0, 
    1116177.0, 
    1236523.0, 
    1080217.0, 
    1117156.0, 
    1183390.0, 
    1030726.0, 
    1057249.0, 
    888908.0, 
    1097739.0, 
    1097218.0, 
    0.0, 
    1051493.0, 
    1089096.0, 
    1156299.0, 
    1042466.0, 
    1116183.0, 
    1078240.0, 
    1035042.0, 
    891335.0, 
    1069163.0, 
    894199.0, 
    939540.0, 
    1078929.0, 
    1056034.0, 
    1108002.0, 
    1054723.0, 
    1117922.0, 
    1212971.0, 
    1066036.0, 
    1453861.0, 
    1180925.0, 
    1090078.0, 
    1384812.0, 
    1159871.0, 
    911257.0, 
    1057329.0, 
    860839.0
  ], 
  [
    1157001.0, 
    1144826.0, 
    1117982.0, 
    1420759.0, 
    1085974.0, 
    1063457.0, 
    1095659.0, 
    1160933.0, 
    1053510.0, 
    1010493.0, 
    847101.0, 
    1069428.0, 
    1057745.0, 
    1125064.0, 
    1137594.0, 
    1071855.0, 
    1056983.0, 
    1082861.0, 
    1057667.0, 
    1118795.0, 
    1231435.0, 
    1021671.0, 
    1109129.0, 
    1197220.0, 
    1061905.0, 
    1041353.0, 
    1070657.0, 
    1088413.0, 
    1095185.0, 
    1051493.0, 
    0.0, 
    1058036.0, 
    1118647.0, 
    1058985.0, 
    1096144.0, 
    1087720.0, 
    1068190.0, 
    1078614.0, 
    1071790.0, 
    1066130.0, 
    1068255.0, 
    1048141.0, 
    1005764.0, 
    1116706.0, 
    1040867.0, 
    1131807.0, 
    1221895.0, 
    1015449.0, 
    1458458.0, 
    1192812.0, 
    1091343.0, 
    1393380.0, 
    1136336.0, 
    1014995.0, 
    1110122.0, 
    845981.0
  ], 
  [
    975316.0, 
    1198666.0, 
    1192293.0, 
    1413430.0, 
    1152078.0, 
    1136959.0, 
    1183057.0, 
    1204813.0, 
    1098643.0, 
    1061613.0, 
    867471.0, 
    496952.0, 
    1130418.0, 
    1175925.0, 
    1210561.0, 
    1105635.0, 
    1129404.0, 
    1113456.0, 
    1137209.0, 
    1180278.0, 
    1262623.0, 
    1096520.0, 
    804603.0, 
    1225938.0, 
    1117596.0, 
    1079659.0, 
    1101879.0, 
    671289.0, 
    1167758.0, 
    1089096.0, 
    1058036.0, 
    0.0, 
    1205979.0, 
    1047767.0, 
    1169372.0, 
    1143539.0, 
    1123141.0, 
    1083755.0, 
    1138384.0, 
    1104735.0, 
    1103501.0, 
    836562.0, 
    1074379.0, 
    1163451.0, 
    1114238.0, 
    962722.0, 
    1233237.0, 
    1089189.0, 
    1455584.0, 
    1211468.0, 
    1164217.0, 
    1381711.0, 
    1205023.0, 
    1035903.0, 
    1090690.0, 
    865801.0
  ], 
  [
    1270127.0, 
    1149579.0, 
    1144635.0, 
    1398198.0, 
    1146567.0, 
    1137873.0, 
    1118713.0, 
    1148385.0, 
    1136119.0, 
    1115414.0, 
    951523.0, 
    1210098.0, 
    1085362.0, 
    1178667.0, 
    1160353.0, 
    1144240.0, 
    1107112.0, 
    1185279.0, 
    1075546.0, 
    1118398.0, 
    1293603.0, 
    1139473.0, 
    1238972.0, 
    1220778.0, 
    1155119.0, 
    1126148.0, 
    1158264.0, 
    1231682.0, 
    1131050.0, 
    1156299.0, 
    1118647.0, 
    1205979.0, 
    0.0, 
    1158020.0, 
    1152025.0, 
    1150848.0, 
    1151011.0, 
    1168192.0, 
    1119816.0, 
    1170352.0, 
    1152982.0, 
    1206203.0, 
    1117836.0, 
    1138808.0, 
    1097736.0, 
    1246782.0, 
    1246014.0, 
    1133144.0, 
    1458682.0, 
    1203715.0, 
    1123737.0, 
    1384701.0, 
    896487.0, 
    1114480.0, 
    1214967.0, 
    950547.0
  ], 
  [
    1160972.0, 
    1155246.0, 
    1130557.0, 
    1408957.0, 
    1106054.0, 
    1087191.0, 
    1134820.0, 
    1163329.0, 
    1068784.0, 
    1028006.0, 
    882485.0, 
    1052376.0, 
    1080454.0, 
    1152202.0, 
    1155316.0, 
    1069341.0, 
    1066566.0, 
    1061225.0, 
    1098284.0, 
    1141054.0, 
    1241530.0, 
    1082724.0, 
    1103003.0, 
    1196484.0, 
    1090630.0, 
    1086402.0, 
    1044743.0, 
    1110992.0, 
    1108993.0, 
    1042466.0, 
    1058985.0, 
    1047767.0, 
    1158020.0, 
    0.0, 
    1121796.0, 
    1108916.0, 
    1084179.0, 
    1036217.0, 
    1080763.0, 
    1068280.0, 
    1061187.0, 
    1059408.0, 
    1072666.0, 
    1135827.0, 
    1059117.0, 
    1133572.0, 
    1216968.0, 
    1071709.0, 
    1461163.0, 
    1189345.0, 
    1098327.0, 
    1355520.0, 
    1160300.0, 
    1014946.0, 
    1091356.0, 
    881097.0
  ], 
  [
    1238038.0, 
    1111340.0, 
    1134452.0, 
    1390285.0, 
    1106584.0, 
    1056501.0, 
    1141766.0, 
    1125093.0, 
    1118558.0, 
    1082605.0, 
    928866.0, 
    1169739.0, 
    1105330.0, 
    1111988.0, 
    1143281.0, 
    1083975.0, 
    1080984.0, 
    1159187.0, 
    1101098.0, 
    1074819.0, 
    1240694.0, 
    1139318.0, 
    1196300.0, 
    1175185.0, 
    1111680.0, 
    1124035.0, 
    1126110.0, 
    1185574.0, 
    1111533.0, 
    1116183.0, 
    1096144.0, 
    1169372.0, 
    1152025.0, 
    1121796.0, 
    0.0, 
    1127867.0, 
    1119996.0, 
    1141524.0, 
    1103733.0, 
    1124846.0, 
    1127355.0, 
    1160264.0, 
    1112195.0, 
    1106444.0, 
    1081721.0, 
    1213180.0, 
    1204868.0, 
    1096157.0, 
    1436919.0, 
    1161677.0, 
    1109412.0, 
    1374779.0, 
    1159544.0, 
    1081291.0, 
    1181408.0, 
    928142.0
  ], 
  [
    1219052.0, 
    1120482.0, 
    1048942.0, 
    1444114.0, 
    1054287.0, 
    1086222.0, 
    1069743.0, 
    1146549.0, 
    1033520.0, 
    1058089.0, 
    910088.0, 
    1145522.0, 
    1054680.0, 
    1134590.0, 
    1113149.0, 
    1053975.0, 
    1022178.0, 
    1091288.0, 
    1067231.0, 
    1126599.0, 
    1245602.0, 
    1095571.0, 
    1188723.0, 
    1182767.0, 
    1037410.0, 
    1078608.0, 
    1087453.0, 
    1180135.0, 
    1044824.0, 
    1078240.0, 
    1087720.0, 
    1143539.0, 
    1150848.0, 
    1108916.0, 
    1127867.0, 
    0.0, 
    1068728.0, 
    1085339.0, 
    1030537.0, 
    1106904.0, 
    1088213.0, 
    1142055.0, 
    1073388.0, 
    1099741.0, 
    1004412.0, 
    1185368.0, 
    1230968.0, 
    1066095.0, 
    1485513.0, 
    1181687.0, 
    1065265.0, 
    1427422.0, 
    1147086.0, 
    1052933.0, 
    1140355.0, 
    909299.0
  ], 
  [
    1192247.0, 
    1156143.0, 
    1085767.0, 
    1452258.0, 
    1068350.0, 
    1093878.0, 
    1102375.0, 
    1162857.0, 
    1019310.0, 
    1007103.0, 
    901307.0, 
    1122424.0, 
    1079459.0, 
    1148784.0, 
    1153438.0, 
    990644.0, 
    1067669.0, 
    1065693.0, 
    1084752.0, 
    1081771.0, 
    1264371.0, 
    1086129.0, 
    1158354.0, 
    1204995.0, 
    1025622.0, 
    1087229.0, 
    1033751.0, 
    1130679.0, 
    1081717.0, 
    1035042.0, 
    1068190.0, 
    1123141.0, 
    1151011.0, 
    1084179.0, 
    1119996.0, 
    1068728.0, 
    0.0, 
    1021220.0, 
    1081583.0, 
    1031255.0, 
    1026336.0, 
    1133049.0, 
    1069083.0, 
    1114680.0, 
    1055502.0, 
    1171885.0, 
    1244326.0, 
    1074440.0, 
    1490040.0, 
    1189448.0, 
    1088303.0, 
    1405325.0, 
    1144083.0, 
    988576.0, 
    1110712.0, 
    900408.0
  ], 
  [
    1123833.0, 
    1152529.0, 
    1143387.0, 
    1432359.0, 
    1115163.0, 
    1108286.0, 
    1131426.0, 
    1177815.0, 
    1025651.0, 
    1007244.0, 
    881389.0, 
    1082158.0, 
    1094941.0, 
    1162586.0, 
    1147457.0, 
    1038596.0, 
    1079773.0, 
    911485.0, 
    1076137.0, 
    1149228.0, 
    1268741.0, 
    1082582.0, 
    1102276.0, 
    1191299.0, 
    1040355.0, 
    1074576.0, 
    906708.0, 
    1095835.0, 
    1119734.0, 
    891335.0, 
    1078614.0, 
    1083755.0, 
    1168192.0, 
    1036217.0, 
    1141524.0, 
    1085339.0, 
    1021220.0, 
    0.0, 
    1094745.0, 
    920773.0, 
    958448.0, 
    1074873.0, 
    1070150.0, 
    1128892.0, 
    1088017.0, 
    1100480.0, 
    1226190.0, 
    1063696.0, 
    1469520.0, 
    1191990.0, 
    1122809.0, 
    1387160.0, 
    1158643.0, 
    913744.0, 
    1003926.0, 
    880519.0
  ], 
  [
    1206667.0, 
    1091551.0, 
    903736.0, 
    1420950.0, 
    970844.0, 
    1034726.0, 
    1051219.0, 
    1110621.0, 
    1069331.0, 
    1042028.0, 
    892947.0, 
    1136385.0, 
    1001812.0, 
    1087467.0, 
    1105236.0, 
    1081077.0, 
    981864.0, 
    1108072.0, 
    1043996.0, 
    1114680.0, 
    1226775.0, 
    1076564.0, 
    1168375.0, 
    1137918.0, 
    1079436.0, 
    1076852.0, 
    1090231.0, 
    1158260.0, 
    865110.0, 
    1069163.0, 
    1071790.0, 
    1138384.0, 
    1119816.0, 
    1080763.0, 
    1103733.0, 
    1030537.0, 
    1081583.0, 
    1094745.0, 
    0.0, 
    1094191.0, 
    1090038.0, 
    1133673.0, 
    1042266.0, 
    1074583.0, 
    603096.0, 
    1180574.0, 
    1195888.0, 
    1045566.0, 
    1469143.0, 
    1155558.0, 
    1002632.0, 
    1401212.0, 
    1132230.0, 
    1048536.0, 
    1139607.0, 
    891781.0
  ], 
  [
    1162761.0, 
    1147968.0, 
    1127797.0, 
    1432182.0, 
    1055341.0, 
    1111563.0, 
    1144087.0, 
    1173691.0, 
    1034843.0, 
    1032321.0, 
    898679.0, 
    1086345.0, 
    1097799.0, 
    1151887.0, 
    1158166.0, 
    1019524.0, 
    1091437.0, 
    990376.0, 
    1085587.0, 
    1133236.0, 
    1259028.0, 
    1102134.0, 
    1113755.0, 
    1212260.0, 
    1048151.0, 
    1075236.0, 
    857806.0, 
    1111450.0, 
    1111623.0, 
    894199.0, 
    1066130.0, 
    1104735.0, 
    1170352.0, 
    1068280.0, 
    1124846.0, 
    1106904.0, 
    1031255.0, 
    920773.0, 
    1094191.0, 
    0.0, 
    909718.0, 
    1090738.0, 
    1079018.0, 
    1134256.0, 
    1082628.0, 
    1135946.0, 
    1224872.0, 
    1076432.0, 
    1463384.0, 
    1202297.0, 
    1122087.0, 
    1387557.0, 
    1179915.0, 
    938745.0, 
    1036267.0, 
    898004.0
  ], 
  [
    1170562.0, 
    1152497.0, 
    1105925.0, 
    1432163.0, 
    1063010.0, 
    1110997.0, 
    1119807.0, 
    1168354.0, 
    1037129.0, 
    1010361.0, 
    869496.0, 
    1101909.0, 
    1072913.0, 
    1160547.0, 
    1141127.0, 
    1040669.0, 
    1054467.0, 
    973313.0, 
    1085102.0, 
    1122660.0, 
    1259456.0, 
    1076767.0, 
    1129723.0, 
    1204438.0, 
    1050127.0, 
    1084986.0, 
    940563.0, 
    1113210.0, 
    1083822.0, 
    939540.0, 
    1068255.0, 
    1103501.0, 
    1152982.0, 
    1061187.0, 
    1127355.0, 
    1088213.0, 
    1026336.0, 
    958448.0, 
    1090038.0, 
    909718.0, 
    0.0, 
    1097261.0, 
    1072608.0, 
    1126773.0, 
    1054866.0, 
    1141499.0, 
    1226738.0, 
    1086253.0, 
    1472182.0, 
    1207493.0, 
    1088736.0, 
    1392400.0, 
    1162575.0, 
    940389.0, 
    1005030.0, 
    868659.0
  ], 
  [
    982706.0, 
    1187506.0, 
    1176438.0, 
    1397871.0, 
    1141285.0, 
    1131087.0, 
    1172895.0, 
    1193959.0, 
    1094762.0, 
    1051040.0, 
    876628.0, 
    844230.0, 
    1118444.0, 
    1167937.0, 
    1195644.0, 
    1107524.0, 
    1115732.0, 
    1107496.0, 
    1128134.0, 
    1175080.0, 
    1251519.0, 
    1087369.0, 
    880993.0, 
    1221412.0, 
    1105364.0, 
    1073106.0, 
    1081398.0, 
    858601.0, 
    1156620.0, 
    1078929.0, 
    1048141.0, 
    836562.0, 
    1206203.0, 
    1059408.0, 
    1160264.0, 
    1142055.0, 
    1133049.0, 
    1074873.0, 
    1133673.0, 
    1090738.0, 
    1097261.0, 
    0.0, 
    1070110.0, 
    1162054.0, 
    1104688.0, 
    961263.0, 
    1228728.0, 
    1074813.0, 
    1447246.0, 
    1210831.0, 
    1155223.0, 
    1371999.0, 
    1190887.0, 
    1038507.0, 
    1085626.0, 
    875180.0
  ], 
  [
    1131531.0, 
    1119439.0, 
    1118425.0, 
    1415377.0, 
    1089920.0, 
    1085602.0, 
    1080823.0, 
    1148676.0, 
    1052886.0, 
    1027819.0, 
    864323.0, 
    1086509.0, 
    1068136.0, 
    1122157.0, 
    1116542.0, 
    1076407.0, 
    1047995.0, 
    1091198.0, 
    1045242.0, 
    1104342.0, 
    1232857.0, 
    1046132.0, 
    1111343.0, 
    1157567.0, 
    1069103.0, 
    998521.0, 
    1069746.0, 
    1100315.0, 
    1078075.0, 
    1056034.0, 
    1005764.0, 
    1074379.0, 
    1117836.0, 
    1072666.0, 
    1112195.0, 
    1073388.0, 
    1069083.0, 
    1070150.0, 
    1042266.0, 
    1079018.0, 
    1072608.0, 
    1070110.0, 
    0.0, 
    1111851.0, 
    1040650.0, 
    1114478.0, 
    1221616.0, 
    1033378.0, 
    1456421.0, 
    1175411.0, 
    1091660.0, 
    1382840.0, 
    1134398.0, 
    1028015.0, 
    1118015.0, 
    862988.0
  ], 
  [
    1231486.0, 
    1103730.0, 
    1126710.0, 
    1403658.0, 
    1102423.0, 
    1124293.0, 
    972748.0, 
    1117256.0, 
    1121743.0, 
    1097146.0, 
    923246.0, 
    1158428.0, 
    1093351.0, 
    1161313.0, 
    1143378.0, 
    1098627.0, 
    1077221.0, 
    1167029.0, 
    1086934.0, 
    1084433.0, 
    1195703.0, 
    1129676.0, 
    1193904.0, 
    1186891.0, 
    1135972.0, 
    1124261.0, 
    1132847.0, 
    1183966.0, 
    1106496.0, 
    1108002.0, 
    1116706.0, 
    1163451.0, 
    1138808.0, 
    1135827.0, 
    1106444.0, 
    1099741.0, 
    1114680.0, 
    1128892.0, 
    1074583.0, 
    1134256.0, 
    1126773.0, 
    1162054.0, 
    1111851.0, 
    0.0, 
    1047273.0, 
    1213075.0, 
    1162740.0, 
    1112074.0, 
    1466317.0, 
    1060932.0, 
    1116704.0, 
    1402303.0, 
    1132065.0, 
    1079474.0, 
    1187553.0, 
    922034.0
  ], 
  [
    1195421.0, 
    1069055.0, 
    656411.0, 
    1394187.0, 
    901323.0, 
    1029552.0, 
    1025942.0, 
    1085320.0, 
    1051852.0, 
    1031449.0, 
    855233.0, 
    1115384.0, 
    992323.0, 
    1093485.0, 
    1078583.0, 
    1067964.0, 
    955265.0, 
    1095891.0, 
    1033727.0, 
    1083497.0, 
    1182901.0, 
    1055145.0, 
    1155693.0, 
    1151921.0, 
    1070756.0, 
    1078835.0, 
    1090139.0, 
    1133156.0, 
    777758.0, 
    1054723.0, 
    1040867.0, 
    1114238.0, 
    1097736.0, 
    1059117.0, 
    1081721.0, 
    1004412.0, 
    1055502.0, 
    1088017.0, 
    603096.0, 
    1082628.0, 
    1054866.0, 
    1104688.0, 
    1040650.0, 
    1047273.0, 
    0.0, 
    1166817.0, 
